487901 good examples out of 487901 
print(X_train_counts.shape) —>(390320, 251056)
(390320, 251056)
(97581, 251056)
0.340752810486
             precision    recall  f1-score   support

          0       0.31      0.75      0.44     21395
          1       0.27      0.26      0.26     10102
         10       0.32      0.15      0.21      3158
         11       0.61      0.50      0.55      2949
         12       0.41      0.39      0.40      2672
         13       0.51      0.05      0.10      2558
         14       0.14      0.01      0.02      2690
         15       0.40      0.12      0.19      2609
         16       0.26      0.02      0.03      2642
         17       0.63      0.62      0.63      2656
         18       0.29      0.10      0.14      2576
         19       0.08      0.00      0.00      2390
          2       0.37      0.55      0.44      9975
          3       0.27      0.03      0.06      5373
          4       0.48      0.42      0.45      4969
          5       0.19      0.05      0.08      4597
          6       0.27      0.09      0.13      4261
          7       0.35      0.16      0.22      3591
          8       0.40      0.08      0.13      3259
          9       0.27      0.03      0.05      3159

avg / total       0.33      0.34      0.28     97581
